This data is a numerical solution for the decay problem
0.0 1000.0 50.0
4.0 620.0 278.0
8.0 483.2 360.08
12.0 433.952 389.6288
16.0 416.22272 400.266368
20.0 409.8401792 404.09589248
24.0 407.542464512 405.474521293
28.0 406.715287224 405.970827665
This data is a numerical solution for the decay problem
0.0 1000.0 50.0
2.0 810.0 202.0
4.0 688.4 299.28
6.0 610.576 361.5392
8.0 560.76864 401.385088
10.0 528.8919296 426.88645632
12.0 508.490834944 443.207332045
14.0 495.434134364 453.652692509
16.0 487.077845993 460.337723206
18.0 481.729821436 464.616142852
20.0 478.307085719 467.354331425
22.0 476.11653486 469.106772112
24.0 474.71458231 470.228334152
26.0 473.817332679 470.946133857
28.0 473.243092914 471.405525669
30.0 472.875579465 471.699536428
This data is a numerical solution for the decay problem
0.0 1000.0 50.0
1.0 905.0 135.5
2.0 828.05 204.755
3.0 765.7205 260.85155
4.0 715.233605 306.2897555
5.0 674.33922005 343.094701955
6.0 641.21476824 372.906708584
7.0 614.383962275 397.054433953
8.0 592.651009443 416.614091502
9.0 575.047317648 432.457414116
10.0 560.788327295 445.290505434
11.0 549.238545109 455.685309402
12.0 539.883221538 464.105100615
13.0 532.305409446 470.925131498
14.0 526.167381651 476.449356514
15.0 521.195579138 480.923978776
16.0 517.168419101 484.548422809
17.0 513.906419472 487.484222475
18.0 511.264199772 489.862220205
19.0 509.124001816 491.788398366
20.0 507.390441471 493.348602676
21.0 505.986257591 494.612368168
22.0 504.848868649 495.636018216
23.0 503.927583606 496.465174755
24.0 503.181342721 497.136791551
25.0 502.576887604 497.680801157
26.0 502.087278959 498.121448937
27.0 501.690695957 498.478373639
28.0 501.369463725 498.767482648
29.0 501.109265617 499.001660944
30.0 500.89850515 499.191345365
This data is a numerical solution for the decay problem
0.0 1000.0 50.0
0.5 952.5 95.125
1.0 909.63125 135.8503125
1.5 870.942203125 172.604907031
2.0 836.02533832 205.775928596
2.5 804.512867834 235.712775558
3.0 776.07286322 262.730779941
3.5 750.405759056 287.114528897
4.0 727.241197548 309.120862329
4.5 706.335180787 328.981578252
5.0 687.467500661 346.905874372
5.5 670.439419346 363.082551621
6.0 655.07157596 377.682002838
6.5 641.202097304 390.858007561
7.0 628.684892817 402.749351824
7.5 617.388115767 413.481290021
8.0 607.19277448 423.166864244
8.5 597.991478968 431.90809498
9.0 589.687309769 439.79705572
9.5 582.192797066 446.916842787
10.0 575.428999352 453.342450615
10.5 569.324671915 459.14156168
11.0 563.815516404 464.375259417
11.5 558.843503554 469.098671623
12.0 554.356261958 473.36155114
12.5 550.306526417 477.208799904
13.0 546.651640091 480.680941913
13.5 543.353105182 483.814550077
14.0 540.376177427 486.642631444
14.5 537.689500128 489.194974878
15.0 535.264773865 491.498464828
15.5 533.076458414 493.577364507
16.0 531.101503718 495.453571468
16.5 529.319107106 497.14684825
17.0 527.710494163 498.675030545
17.5 526.258720982 500.054215067
18.0 524.948495686 501.298929098
18.5 523.766017357 502.422283511
19.0 522.698830665 503.436110869
19.5 521.735694675 504.351090059
20.0 520.866464444 505.176858778
20.5 520.081984161 505.922115047
21.0 519.373990705 506.59470883
21.5 518.735026611 507.201724719
22.0 518.158361517 507.749556559
22.5 517.637921269 508.243974795
23.0 517.168223945 508.690187252
23.5 516.74432211 509.092893995
24.0 516.361750705 509.456336831
24.5 516.016480011 509.78434399
25.0 515.70487321 510.080370451
25.5 515.423648072 510.347534332
26.0 515.169842385 510.588649734
26.5 514.940782752 510.806256385
27.0 514.734056434 511.002646388
27.5 514.547485932 511.179888365
28.0 514.379106053 511.339849249
28.5 514.227143213 511.484213947
29.0 514.08999675 511.614503088
29.5 513.966222067 511.732089037
30.0 513.854515415 511.838210355
This data is a numerical solution for the decay problem
0.0 1000.0 50.0
5.0 525.0 287.5
10.0 406.25 346.875
15.0 376.5625 361.71875
20.0 369.140625 365.4296875
25.0 367.28515625 366.357421875
30.0 366.821289062 366.589355469
This data is a numerical solution for the decay problem
0.0 1000.0 50.0
2.0 810.0 202.0
4.0 688.4 299.28
6.0 610.576 361.5392
8.0 560.76864 401.385088
10.0 528.8919296 426.88645632
12.0 508.490834944 443.207332045
14.0 495.434134364 453.652692509
16.0 487.077845993 460.337723206
18.0 481.729821436 464.616142852
20.0 478.307085719 467.354331425
22.0 476.11653486 469.106772112
24.0 474.71458231 470.228334152
26.0 473.817332679 470.946133857
28.0 473.243092914 471.405525669
30.0 472.875579465 471.699536428
This data is a numerical solution for the decay problem
0.0 1000.0 50.0
1.0 905.0 135.5
2.0 828.05 204.755
3.0 765.7205 260.85155
4.0 715.233605 306.2897555
5.0 674.33922005 343.094701955
6.0 641.21476824 372.906708584
7.0 614.383962275 397.054433953
8.0 592.651009443 416.614091502
9.0 575.047317648 432.457414116
10.0 560.788327295 445.290505434
11.0 549.238545109 455.685309402
12.0 539.883221538 464.105100615
13.0 532.305409446 470.925131498
14.0 526.167381651 476.449356514
15.0 521.195579138 480.923978776
16.0 517.168419101 484.548422809
17.0 513.906419472 487.484222475
18.0 511.264199772 489.862220205
19.0 509.124001816 491.788398366
20.0 507.390441471 493.348602676
21.0 505.986257591 494.612368168
22.0 504.848868649 495.636018216
23.0 503.927583606 496.465174755
24.0 503.181342721 497.136791551
25.0 502.576887604 497.680801157
26.0 502.087278959 498.121448937
27.0 501.690695957 498.478373639
28.0 501.369463725 498.767482648
29.0 501.109265617 499.001660944
30.0 500.89850515 499.191345365
This data is a numerical solution for the decay problem
0.0 1000.0 50.0
0.5 952.5 95.125
1.0 909.63125 135.8503125
1.5 870.942203125 172.604907031
2.0 836.02533832 205.775928596
2.5 804.512867834 235.712775558
3.0 776.07286322 262.730779941
3.5 750.405759056 287.114528897
4.0 727.241197548 309.120862329
4.5 706.335180787 328.981578252
5.0 687.467500661 346.905874372
5.5 670.439419346 363.082551621
6.0 655.07157596 377.682002838
6.5 641.202097304 390.858007561
7.0 628.684892817 402.749351824
7.5 617.388115767 413.481290021
8.0 607.19277448 423.166864244
8.5 597.991478968 431.90809498
9.0 589.687309769 439.79705572
9.5 582.192797066 446.916842787
10.0 575.428999352 453.342450615
10.5 569.324671915 459.14156168
11.0 563.815516404 464.375259417
11.5 558.843503554 469.098671623
12.0 554.356261958 473.36155114
12.5 550.306526417 477.208799904
13.0 546.651640091 480.680941913
13.5 543.353105182 483.814550077
14.0 540.376177427 486.642631444
14.5 537.689500128 489.194974878
15.0 535.264773865 491.498464828
15.5 533.076458414 493.577364507
16.0 531.101503718 495.453571468
16.5 529.319107106 497.14684825
17.0 527.710494163 498.675030545
17.5 526.258720982 500.054215067
18.0 524.948495686 501.298929098
18.5 523.766017357 502.422283511
19.0 522.698830665 503.436110869
19.5 521.735694675 504.351090059
20.0 520.866464444 505.176858778
20.5 520.081984161 505.922115047
21.0 519.373990705 506.59470883
21.5 518.735026611 507.201724719
22.0 518.158361517 507.749556559
22.5 517.637921269 508.243974795
23.0 517.168223945 508.690187252
23.5 516.74432211 509.092893995
24.0 516.361750705 509.456336831
24.5 516.016480011 509.78434399
25.0 515.70487321 510.080370451
25.5 515.423648072 510.347534332
26.0 515.169842385 510.588649734
26.5 514.940782752 510.806256385
27.0 514.734056434 511.002646388
27.5 514.547485932 511.179888365
28.0 514.379106053 511.339849249
28.5 514.227143213 511.484213947
29.0 514.08999675 511.614503088
29.5 513.966222067 511.732089037
30.0 513.854515415 511.838210355
This data is a numerical solution for the decay problem
0.0 1000.0 50.0
5.0 525.0 287.5
10.0 406.25 346.875
15.0 376.5625 361.71875
20.0 369.140625 365.4296875
25.0 367.28515625 366.357421875
30.0 366.821289062 366.589355469
This data is a numerical solution for the decay problem
0.0 1000.0 50.0
2.0 810.0 202.0
4.0 688.4 299.28
6.0 610.576 361.5392
8.0 560.76864 401.385088
10.0 528.8919296 426.88645632
12.0 508.490834944 443.207332045
14.0 495.434134364 453.652692509
16.0 487.077845993 460.337723206
18.0 481.729821436 464.616142852
20.0 478.307085719 467.354331425
22.0 476.11653486 469.106772112
24.0 474.71458231 470.228334152
26.0 473.817332679 470.946133857
28.0 473.243092914 471.405525669
30.0 472.875579465 471.699536428
This data is a numerical solution for the decay problem
0.0 1000.0 50.0
1.0 905.0 135.5
2.0 828.05 204.755
3.0 765.7205 260.85155
4.0 715.233605 306.2897555
5.0 674.33922005 343.094701955
6.0 641.21476824 372.906708584
7.0 614.383962275 397.054433953
8.0 592.651009443 416.614091502
9.0 575.047317648 432.457414116
10.0 560.788327295 445.290505434
11.0 549.238545109 455.685309402
12.0 539.883221538 464.105100615
13.0 532.305409446 470.925131498
14.0 526.167381651 476.449356514
15.0 521.195579138 480.923978776
16.0 517.168419101 484.548422809
17.0 513.906419472 487.484222475
18.0 511.264199772 489.862220205
19.0 509.124001816 491.788398366
20.0 507.390441471 493.348602676
21.0 505.986257591 494.612368168
22.0 504.848868649 495.636018216
23.0 503.927583606 496.465174755
24.0 503.181342721 497.136791551
25.0 502.576887604 497.680801157
26.0 502.087278959 498.121448937
27.0 501.690695957 498.478373639
28.0 501.369463725 498.767482648
29.0 501.109265617 499.001660944
30.0 500.89850515 499.191345365
This data is a numerical solution for the decay problem
0.0 1000.0 50.0
0.5 952.5 95.125
1.0 909.63125 135.8503125
1.5 870.942203125 172.604907031
2.0 836.02533832 205.775928596
2.5 804.512867834 235.712775558
3.0 776.07286322 262.730779941
3.5 750.405759056 287.114528897
4.0 727.241197548 309.120862329
4.5 706.335180787 328.981578252
5.0 687.467500661 346.905874372
5.5 670.439419346 363.082551621
6.0 655.07157596 377.682002838
6.5 641.202097304 390.858007561
7.0 628.684892817 402.749351824
7.5 617.388115767 413.481290021
8.0 607.19277448 423.166864244
8.5 597.991478968 431.90809498
9.0 589.687309769 439.79705572
9.5 582.192797066 446.916842787
10.0 575.428999352 453.342450615
10.5 569.324671915 459.14156168
11.0 563.815516404 464.375259417
11.5 558.843503554 469.098671623
12.0 554.356261958 473.36155114
12.5 550.306526417 477.208799904
13.0 546.651640091 480.680941913
13.5 543.353105182 483.814550077
14.0 540.376177427 486.642631444
14.5 537.689500128 489.194974878
15.0 535.264773865 491.498464828
15.5 533.076458414 493.577364507
16.0 531.101503718 495.453571468
16.5 529.319107106 497.14684825
17.0 527.710494163 498.675030545
17.5 526.258720982 500.054215067
18.0 524.948495686 501.298929098
18.5 523.766017357 502.422283511
19.0 522.698830665 503.436110869
19.5 521.735694675 504.351090059
20.0 520.866464444 505.176858778
20.5 520.081984161 505.922115047
21.0 519.373990705 506.59470883
21.5 518.735026611 507.201724719
22.0 518.158361517 507.749556559
22.5 517.637921269 508.243974795
23.0 517.168223945 508.690187252
23.5 516.74432211 509.092893995
24.0 516.361750705 509.456336831
24.5 516.016480011 509.78434399
25.0 515.70487321 510.080370451
25.5 515.423648072 510.347534332
26.0 515.169842385 510.588649734
26.5 514.940782752 510.806256385
27.0 514.734056434 511.002646388
27.5 514.547485932 511.179888365
28.0 514.379106053 511.339849249
28.5 514.227143213 511.484213947
29.0 514.08999675 511.614503088
29.5 513.966222067 511.732089037
30.0 513.854515415 511.838210355
This data is a numerical solution for the decay problem
0.0 1000.0 50.0
4.0 620.0 278.0
8.0 483.2 360.08
12.0 433.952 389.6288
16.0 416.22272 400.266368
20.0 409.8401792 404.09589248
24.0 407.542464512 405.474521293
28.0 406.715287224 405.970827665
This data is a numerical solution for the decay problem
0.0 1000.0 50.0
5.0 525.0 287.5
10.0 406.25 346.875
15.0 376.5625 361.71875
20.0 369.140625 365.4296875
25.0 367.28515625 366.357421875
30.0 366.821289062 366.589355469
This data is a numerical solution for the decay problem
0.0 1000.0 50.0
4.0 620.0 278.0
8.0 483.2 360.08
12.0 433.952 389.6288
16.0 416.22272 400.266368
20.0 409.8401792 404.09589248
24.0 407.542464512 405.474521293
28.0 406.715287224 405.970827665
This data is a numerical solution for the decay problem
0.0 1000.0 50.0
1.0 905.0 135.5
2.0 828.05 204.755
3.0 765.7205 260.85155
4.0 715.233605 306.2897555
5.0 674.33922005 343.094701955
6.0 641.21476824 372.906708584
7.0 614.383962275 397.054433953
8.0 592.651009443 416.614091502
9.0 575.047317648 432.457414116
10.0 560.788327295 445.290505434
11.0 549.238545109 455.685309402
12.0 539.883221538 464.105100615
13.0 532.305409446 470.925131498
14.0 526.167381651 476.449356514
15.0 521.195579138 480.923978776
16.0 517.168419101 484.548422809
17.0 513.906419472 487.484222475
18.0 511.264199772 489.862220205
19.0 509.124001816 491.788398366
20.0 507.390441471 493.348602676
21.0 505.986257591 494.612368168
22.0 504.848868649 495.636018216
23.0 503.927583606 496.465174755
24.0 503.181342721 497.136791551
25.0 502.576887604 497.680801157
26.0 502.087278959 498.121448937
27.0 501.690695957 498.478373639
28.0 501.369463725 498.767482648
29.0 501.109265617 499.001660944
30.0 500.89850515 499.191345365
This data is a numerical solution for the decay problem
0.0 1000.0 50.0
0.5 952.5 95.125
1.0 909.63125 135.8503125
1.5 870.942203125 172.604907031
2.0 836.02533832 205.775928596
2.5 804.512867834 235.712775558
3.0 776.07286322 262.730779941
3.5 750.405759056 287.114528897
4.0 727.241197548 309.120862329
4.5 706.335180787 328.981578252
5.0 687.467500661 346.905874372
5.5 670.439419346 363.082551621
6.0 655.07157596 377.682002838
6.5 641.202097304 390.858007561
7.0 628.684892817 402.749351824
7.5 617.388115767 413.481290021
8.0 607.19277448 423.166864244
8.5 597.991478968 431.90809498
9.0 589.687309769 439.79705572
9.5 582.192797066 446.916842787
10.0 575.428999352 453.342450615
10.5 569.324671915 459.14156168
11.0 563.815516404 464.375259417
11.5 558.843503554 469.098671623
12.0 554.356261958 473.36155114
12.5 550.306526417 477.208799904
13.0 546.651640091 480.680941913
13.5 543.353105182 483.814550077
14.0 540.376177427 486.642631444
14.5 537.689500128 489.194974878
15.0 535.264773865 491.498464828
15.5 533.076458414 493.577364507
16.0 531.101503718 495.453571468
16.5 529.319107106 497.14684825
17.0 527.710494163 498.675030545
17.5 526.258720982 500.054215067
18.0 524.948495686 501.298929098
18.5 523.766017357 502.422283511
19.0 522.698830665 503.436110869
19.5 521.735694675 504.351090059
20.0 520.866464444 505.176858778
20.5 520.081984161 505.922115047
21.0 519.373990705 506.59470883
21.5 518.735026611 507.201724719
22.0 518.158361517 507.749556559
22.5 517.637921269 508.243974795
23.0 517.168223945 508.690187252
23.5 516.74432211 509.092893995
24.0 516.361750705 509.456336831
24.5 516.016480011 509.78434399
25.0 515.70487321 510.080370451
25.5 515.423648072 510.347534332
26.0 515.169842385 510.588649734
26.5 514.940782752 510.806256385
27.0 514.734056434 511.002646388
27.5 514.547485932 511.179888365
28.0 514.379106053 511.339849249
28.5 514.227143213 511.484213947
29.0 514.08999675 511.614503088
29.5 513.966222067 511.732089037
30.0 513.854515415 511.838210355
This data is a numerical solution for the decay problem
0.0 1000.0 50.0
5.0 525.0 287.5
10.0 406.25 346.875
15.0 376.5625 361.71875
20.0 369.140625 365.4296875
25.0 367.28515625 366.357421875
30.0 366.821289062 366.589355469
This data is a numerical solution for the decay problem
0.0 1000.0 50.0
2.0 810.0 202.0
4.0 688.4 299.28
6.0 610.576 361.5392
8.0 560.76864 401.385088
10.0 528.8919296 426.88645632
12.0 508.490834944 443.207332045
14.0 495.434134364 453.652692509
16.0 487.077845993 460.337723206
18.0 481.729821436 464.616142852
20.0 478.307085719 467.354331425
22.0 476.11653486 469.106772112
24.0 474.71458231 470.228334152
26.0 473.817332679 470.946133857
28.0 473.243092914 471.405525669
30.0 472.875579465 471.699536428
This data is a numerical solution for the decay problem
0.0 1000.0 50.0
1.0 905.0 135.5
2.0 828.05 204.755
3.0 765.7205 260.85155
4.0 715.233605 306.2897555
5.0 674.33922005 343.094701955
6.0 641.21476824 372.906708584
7.0 614.383962275 397.054433953
8.0 592.651009443 416.614091502
9.0 575.047317648 432.457414116
10.0 560.788327295 445.290505434
11.0 549.238545109 455.685309402
12.0 539.883221538 464.105100615
13.0 532.305409446 470.925131498
14.0 526.167381651 476.449356514
15.0 521.195579138 480.923978776
16.0 517.168419101 484.548422809
17.0 513.906419472 487.484222475
18.0 511.264199772 489.862220205
19.0 509.124001816 491.788398366
20.0 507.390441471 493.348602676
21.0 505.986257591 494.612368168
22.0 504.848868649 495.636018216
23.0 503.927583606 496.465174755
24.0 503.181342721 497.136791551
25.0 502.576887604 497.680801157
26.0 502.087278959 498.121448937
27.0 501.690695957 498.478373639
28.0 501.369463725 498.767482648
29.0 501.109265617 499.001660944
30.0 500.89850515 499.191345365
This data is a numerical solution for the decay problem
0.0 1000.0 50.0
0.5 952.5 95.125
1.0 909.63125 135.8503125
1.5 870.942203125 172.604907031
2.0 836.02533832 205.775928596
2.5 804.512867834 235.712775558
3.0 776.07286322 262.730779941
3.5 750.405759056 287.114528897
4.0 727.241197548 309.120862329
4.5 706.335180787 328.981578252
5.0 687.467500661 346.905874372
5.5 670.439419346 363.082551621
6.0 655.07157596 377.682002838
6.5 641.202097304 390.858007561
7.0 628.684892817 402.749351824
7.5 617.388115767 413.481290021
8.0 607.19277448 423.166864244
8.5 597.991478968 431.90809498
9.0 589.687309769 439.79705572
9.5 582.192797066 446.916842787
10.0 575.428999352 453.342450615
10.5 569.324671915 459.14156168
11.0 563.815516404 464.375259417
11.5 558.843503554 469.098671623
12.0 554.356261958 473.36155114
12.5 550.306526417 477.208799904
13.0 546.651640091 480.680941913
13.5 543.353105182 483.814550077
14.0 540.376177427 486.642631444
14.5 537.689500128 489.194974878
15.0 535.264773865 491.498464828
15.5 533.076458414 493.577364507
16.0 531.101503718 495.453571468
16.5 529.319107106 497.14684825
17.0 527.710494163 498.675030545
17.5 526.258720982 500.054215067
18.0 524.948495686 501.298929098
18.5 523.766017357 502.422283511
19.0 522.698830665 503.436110869
19.5 521.735694675 504.351090059
20.0 520.866464444 505.176858778
20.5 520.081984161 505.922115047
21.0 519.373990705 506.59470883
21.5 518.735026611 507.201724719
22.0 518.158361517 507.749556559
22.5 517.637921269 508.243974795
23.0 517.168223945 508.690187252
23.5 516.74432211 509.092893995
24.0 516.361750705 509.456336831
24.5 516.016480011 509.78434399
25.0 515.70487321 510.080370451
25.5 515.423648072 510.347534332
26.0 515.169842385 510.588649734
26.5 514.940782752 510.806256385
27.0 514.734056434 511.002646388
27.5 514.547485932 511.179888365
28.0 514.379106053 511.339849249
28.5 514.227143213 511.484213947
29.0 514.08999675 511.614503088
29.5 513.966222067 511.732089037
30.0 513.854515415 511.838210355
This data is a numerical solution for the decay problem
0.0 1000.0 50.0
0.1 990.5 59.405
0.2 981.18905 68.6228405
0.3 972.063387905 77.657245974
0.4 963.119326486 86.5118667792
0.5 954.353251889 95.1902806303
0.6 945.761622176 103.695994046
0.7 937.340965895 112.032443764
0.8 929.087880673 120.202998133
0.9 920.999031848 128.21095847
1.0 913.071151114 136.059560397
1.1 905.301035207 143.751975145
1.2 897.685544606 151.29131084
1.3 890.221602269 158.680613754
1.4 882.906192384 165.92286954
1.5 875.736359155 173.021004436
1.6 868.709205608 179.977886448
1.7 861.821892416 186.796326508
1.8 855.071636757 193.47907961
1.9 848.455711186 200.028845926
2.0 841.971442533 206.448271892
2.1 835.616210827 212.739951281
2.2 829.387448231 218.906426251
2.3 823.282638012 224.950188369
2.4 817.299313515 230.87367962
2.5 811.435057176 236.679293396
2.6 805.687499538 242.369375457
2.7 800.054318298 247.946224885
2.8 794.533237363 253.41209501
2.9 789.12202594 258.769194319
3.0 783.818497624 264.019687353
3.1 778.620509521 269.165695574
3.2 773.525961382 274.209298232
3.3 768.53279475 279.152533197
3.4 763.638992135 283.997397787
3.5 758.842576191 288.745849571
3.6 754.141608925 293.399807164
3.7 749.534190907 297.961151002
3.8 745.018460508 302.431724097
3.9 740.592593144 306.813332787
4.0 736.254800541 311.107747465
4.1 732.00333001 315.31670329
4.2 727.836463743 319.441900895
4.3 723.752518114 323.485007067
4.4 719.749843004 327.447655426
4.5 715.826821128 331.331447083
4.6 711.981867387 335.137951286
4.7 708.213428226 338.868706056
4.8 704.519981005 342.525218805
4.9 700.900033383 346.108966951
5.0 697.352122718 349.621398509
5.1 693.874815476 353.063932678
5.2 690.466706648 356.437960418
5.3 687.126419186 359.744845006
5.4 683.852603444 362.98592259
5.5 680.643936636 366.162502731
5.6 677.499122297 369.275868926
5.7 674.416889763 372.327279135
5.8 671.395993657 375.31796628
5.9 668.435213383 378.249138751
6.0 665.533352637 381.12198089
6.1 662.689238919 383.93765347
6.2 659.901723065 386.697294166
6.3 657.169678776 389.402018012
6.4 654.492002168 392.052917854
6.5 651.867611325 394.651064788
6.6 649.295445859 397.197508599
6.7 646.774466487 399.693278178
6.8 644.303654604 402.139381942
6.9 641.882011877 404.536808242
7.0 639.508559841 406.886525758
7.1 637.1823395 409.189483895
7.2 634.902410944 411.446613166
7.3 632.667852966 413.658825564
7.4 630.477762692 415.827014935
7.5 628.331255215 417.952057338
7.6 626.227463236 420.034811397
7.7 624.165536717 422.07611865
7.8 622.144642537 424.076803889
7.9 620.16396415 426.037675491
8.0 618.222701264 427.959525749
8.1 616.320069508 429.843131187
8.2 614.455300125 431.689252876
8.3 612.627639653 433.498636744
8.4 610.836349624 435.272013873
8.5 609.080706266 437.010100796
8.6 607.360000211 438.713599791
8.7 605.673536207 440.383199155
8.8 604.020632837 442.019573492
8.9 602.400622243 443.623383979
9.0 600.812849861 445.195278638
9.1 599.256674148 446.735892593
9.2 597.731466333 448.24584833
9.3 596.236610153 449.725755949
9.4 594.771501611 451.176213405
9.5 593.335548729 452.597806759
9.6 591.928171309 453.991110404
9.7 590.5488007 455.356687307
9.8 589.196879566 456.69508923
9.9 587.871861663 458.006856954
10.0 586.573211616 459.292520501
10.1 585.300404704 460.552599343
10.2 584.052926651 461.787602616
10.3 582.83027341 462.998029324
10.4 581.63195097 464.18436854
10.5 580.457475145 465.347099606
10.6 579.30637139 466.486692324
10.7 578.178174599 467.603607147
10.8 577.072428925 468.698295365
10.9 575.988687589 469.771199287
11.0 574.926512706 470.822752421
11.1 573.885475103 471.853379648
11.2 572.865154149 472.863497393
11.3 571.865137581 473.853513795
11.4 570.885021343 474.82382887
11.5 569.924409419 475.774834676
11.6 568.982913671 476.706915466
11.7 568.060153689 477.620447848
11.8 567.155756631 478.515800936
11.9 566.269357074 479.393336497
12.0 565.400596868 480.253409101
12.1 564.54912499 481.09636626
12.2 563.714597403 481.922548571
12.3 562.896676915 482.732289855
12.4 562.095033044 483.525917286
12.5 561.309341886 484.303751532
12.6 560.539285983 485.066106877
12.7 559.784554192 485.81329135
12.8 559.044841563 486.545606852
12.9 558.319849216 487.263349276
13.0 557.609284217 487.966808625
13.1 556.912859461 488.656269134
13.2 556.230293558 489.332009378
13.3 555.561310716 489.994302391
13.4 554.905640633 490.643415774
13.5 554.263018384 491.2796118
13.6 553.633184318 491.903147525
13.7 553.01588395 492.514274889
13.8 552.41086786 493.113240819
13.9 551.817891589 493.700287327
14.0 551.236715547 494.275651609
14.1 550.667104907 494.839566142
14.2 550.10882952 495.392258776
14.3 549.561663812 495.933952826
14.4 549.025386702 496.464867165
14.5 548.499781507 496.985216308
14.6 547.984635855 497.495210504
14.7 547.479741601 497.995055815
14.8 546.984894744 498.484954204
14.9 546.499895338 498.965103615
15.0 546.024547421 499.435698053
15.1 545.558658927 499.896927662
15.2 545.102041615 500.348978802
15.3 544.654510987 500.792034123
15.4 544.215886218 501.226272644
15.5 543.785990082 501.651869819
15.6 543.36464888 502.068997609
15.7 542.951692367 502.477824557
15.8 542.546953689 502.878515848
15.9 542.15026931 503.271233383
16.0 541.761478951 503.656135838
16.1 541.38042552 504.033378735
16.2 541.006955052 504.403114498
16.3 540.640916647 504.76549252
16.4 540.282162405 505.120659219
16.5 539.930547373 505.4687581
16.6 539.585929481 505.809929814
16.7 539.248169484 506.144312211
16.8 538.917130911 506.472040398
16.9 538.592680006 506.793246794
17.0 538.274685674 507.108061183
17.1 537.963019429 507.416610765
17.2 537.657555342 507.719020211
17.3 537.358169991 508.015411709
17.4 537.064742408 508.305905016
17.5 536.777154034 508.590617506
17.6 536.495288669 508.869664218
17.7 536.219032425 509.1431579
17.8 535.948273679 509.411209057
17.9 535.682903033 509.673925997
18.0 535.422813263 509.93141487
18.1 535.167899279 510.183779714
18.2 534.918058083 510.431122498
18.3 534.673188727 510.67354316
18.4 534.433192272 510.911139651
18.5 534.197971745 511.144007972
18.6 533.967432108 511.372242213
18.7 533.741480209 511.595934593
18.8 533.520024753 511.815175495
18.9 533.30297626 512.030053503
19.0 533.090247032 512.240655438
19.1 532.881751117 512.447066395
19.2 532.677404269 512.649369773
19.3 532.477123924 512.847647315
19.4 532.280829158 513.041979133
19.5 532.088440658 513.232443749
19.6 531.899880689 513.419118118
19.7 531.715073063 513.602077667
19.8 531.533943109 513.781396322
19.9 531.356417641 513.957146535
20.0 531.18242493 514.129399319
20.1 531.011894674 514.298224273
20.2 530.84475797 514.46368961
20.3 530.680947287 514.625862186
20.4 530.520396436 514.784807529
20.5 530.363040546 514.940589859
20.6 530.20881604 515.093272121
20.7 530.0576606 515.242916006
20.8 529.909513154 515.389581977
20.9 529.764313843 515.533329296
21.0 529.622003997 515.674216043
21.1 529.482526118 515.812299143
21.2 529.345823848 515.947634391
21.3 529.211841953 516.080276466
21.4 529.080526299 516.210278964
21.5 528.951823825 516.337694413
21.6 528.825682531 516.462574294
21.7 528.702051449 516.584969066
21.8 528.580880625 516.704928181
21.9 528.4621211 516.822500111
22.0 528.345724891 516.937732358
22.1 528.231644965 517.050671484
22.2 528.11983523 517.161363122
22.3 528.010250509 517.269851996
22.4 527.902846524 517.376181941
22.5 527.797579878 517.48039592
22.6 527.694408039 517.582536042
22.7 527.593289319 517.682643574
22.8 527.494182861 517.780758967
22.9 527.397048622 517.876921864
23.0 527.301847355 517.971171119
23.1 527.208540592 518.063544813
23.2 527.117090635 518.154080272
23.3 527.027460531 518.242814074
23.4 526.939614066 518.329782074
23.5 526.853515747 518.415019411
23.6 526.769130783 518.498560525
23.7 526.686425081 518.58043917
23.8 526.605365221 518.660688431
23.9 526.525918454 518.739340731
24.0 526.448052676 518.81642785
24.1 526.371736428 518.891980936
24.2 526.296938873 518.966030516
24.3 526.22362979 519.038606508
24.4 526.151779557 519.109738239
24.5 526.081359144 519.179454448
24.6 526.012340097 519.247783304
24.7 525.944694529 519.314752417
24.8 525.878395108 519.380388843
24.9 525.813415045 519.444719105
25.0 525.749728086 519.507769195
25.1 525.687308497 519.569564588
25.2 525.626131058 519.630130253
25.3 525.56617105 519.689490661
25.4 525.507404246 519.747669797
25.5 525.449806901 519.804691168
25.6 525.393355744 519.860577814
25.7 525.338027965 519.915352315
25.8 525.283801208 519.969036804
25.9 525.230653564 520.021652972
26.0 525.178563558 520.073222078
26.1 525.127510143 520.123764958
26.2 525.077472691 520.173302035
26.3 525.028430985 520.221853325
26.4 524.980365208 520.269438444
26.5 524.933255941 520.316076619
26.6 524.887084147 520.361786694
26.7 524.841831173 520.406587139
26.8 524.797478733 520.450496055
26.9 524.754008906 520.493531183
27.0 524.711404129 520.535709913
27.1 524.669647186 520.577049285
27.2 524.628721207 520.617566005
27.3 524.588609655 520.657276441
27.4 524.549296323 520.69619664
27.5 524.510765326 520.734342327
27.6 524.473001096 520.771728915
27.7 524.435988375 520.808371509
27.8 524.399712206 520.844284916
27.9 524.364157933 520.879483646
28.0 524.32931119 520.913981922
28.1 524.295157897 520.947793682
28.2 524.261684255 520.980932587
28.3 524.228876739 521.013412029
28.4 524.196722092 521.045245129
28.5 524.165207322 521.076444751
28.6 524.134319696 521.107023501
28.7 524.104046734 521.136993733
28.8 524.074376204 521.166367558
28.9 524.045296118 521.195156843
29.0 524.016794725 521.223373222
29.1 523.98886051 521.251028095
29.2 523.961482186 521.278132636
29.3 523.93464869 521.304697797
29.4 523.908349181 521.33073431
29.5 523.882573033 521.356252698
29.6 523.857309829 521.381263269
29.7 523.832549364 521.40577613
29.8 523.808281631 521.429801185
29.9 523.784496827 521.453348141
30.0 523.76118534 521.476426513
